20180327   46.490   44.635   44.900   46.250   2889304.000   
20180326   46.530   44.270   45.770   45.260   5152476.000   
20180323   46.000   44.600   44.710   45.170   3221848.000   
20180322   48.089   44.860   44.920   47.400   4312329.000   
20180321   48.062   46.310   47.950   46.420   2104409.000   
20180320   47.060   46.050   46.470   46.370   1506443.000   
20180319   47.680   45.760   46.360   47.030   2498132.000   
20180316   47.919   46.740   47.230   46.800   2815649.000   
20180315   47.130   45.710   46.930   46.450   2998802.000   
20180314   49.430   46.210   46.570   49.090   3696049.000   
20180313   49.850   48.430   48.590   48.430   2738974.000   
20180312   48.680   47.910   48.360   48.010   1489039.000   
20180309   48.590   47.230   47.860   48.050   2761992.000   
20180308   48.730   46.545   47.470   47.880   3105316.000   
20180307   48.260   46.401   47.880   46.600   3654749.000   
20180306   47.520   46.030   46.990   46.190   4430024.000   
20180305   46.460   44.850   45.650   45.180   4587974.000   
20180302   46.180   44.140   45.540   44.720   3707749.000   
20180301   46.440   44.580   45.070   45.930   6501728.000   
20180228   46.840   44.940   44.970   46.250   2829506.000   
20180227   47.170   45.657   46.220   46.500   3223727.000   
20180226   47.580   46.140   46.680   47.420   3553755.000   
20180223   48.140   46.584   46.700   48.060   3083368.000   
20180222   48.400   46.830   48.010   48.010   4217919.000   
20180221   48.950   47.230   47.550   48.210   3185582.000   
20180220   48.740   46.760   48.070   46.840   4581817.000   
20180216   50.180   46.520   47.360   47.500   8372208.000   
20180215   48.990   46.190   47.570   48.990   5101632.000   
20180214   48.650   46.520   48.540   46.710   2427324.000   
20180213   47.980   46.120   47.300   46.390   2805323.000   
20180212   47.130   45.770   46.650   46.050   3495865.000   
20180209   47.060   44.150   45.920   46.540   4569076.000   
20180208   48.240   45.530   45.980   47.810   3896943.000   
20180207   49.420   47.670   47.700   49.230   3175247.000   
20180206   50.200   47.280   49.430   47.440   3140711.000   
20180205   50.750   47.800   48.460   48.610   3861760.000   
20180202   52.000   49.000   49.090   52.000   6057643.000   
20180201   52.500   51.270   52.420   51.410   3175232.000   
20180131   53.360   51.250   52.020   52.750   4470149.000   
20180130   53.970   52.520   52.520   53.670   3612659.000   
20180129   54.630   53.520   54.490   53.890   4630861.000   
20180126   54.400   53.280   54.000   53.550   2745616.000   
20180125   53.890   52.720   53.110   53.740   3744040.000   
20180124   53.852   52.390   53.300   52.900   2520675.000   
20180123   52.900   51.730   52.490   52.340   4883081.000   
20180122   53.900   52.261   52.940   52.800   4174194.000   
20180119   53.680   52.550   53.100   52.860   5753662.000   
20180118   53.870   51.720   53.000   53.670   19419475.000   
20180117   57.040   55.580   56.990   56.030   7635962.000   
20180116   57.040   55.460   56.240   56.090   3824593.000   
20180112   57.500   56.110   56.760   57.050   4191608.000   
20180111   57.130   55.870   56.910   56.600   2725478.000   
20180110   56.260   54.230   56.170   54.370   5004005.000   
20180109   55.080   54.000   54.200   55.000   3532952.000   
20180108   56.150   53.660   55.000   53.960   5028059.000   
20180105   54.660   53.410   54.090   54.650   3370371.000   
20180104   55.430   54.075   54.700   54.810   3555120.000   
20180103   55.150   52.960   54.500   54.920   4097542.000   
20180102   55.220   53.910   55.170   54.060   2928905.000   
20171229   54.610   53.520   53.870   54.000   5170353.000   
20171228   54.200   52.021   54.140   52.050   5696354.000   
20171227   51.930   50.200   51.840   50.550   2959469.000   
20171226   50.500   49.210   50.380   49.980   2750631.000   
20171222   50.040   48.810   49.990   49.150   2427508.000   
20171221   49.680   48.770   48.990   49.570   3046872.000   
20171220   49.670   47.629   49.260   48.191   7158759.000   
20171219   46.540   44.660   46.520   44.770   5960166.000   
20171218   44.690   42.760   44.570   42.775   3149371.000   
20171215   43.140   42.280   42.610   42.850   4516172.000   
20171214   42.375   41.960   42.350   42.050   3683921.000   
20171213   42.570   41.715   41.860   42.450   4146231.000   
20171212   42.880   42.185   42.400   42.390   3421527.000   
20171211   42.980   41.540   42.240   41.540   4053037.000   
20171208   41.770   40.900   41.400   41.000   3696876.000   
20171207   41.190   40.270   40.600   41.130   3423427.000   
20171206   41.490   40.300   41.310   40.800   5437502.000   
20171205   41.860   40.950   41.180   41.370   2852505.000   
20171204   42.600   41.500   41.790   41.870   2709750.000   
20171201   42.300   40.521   41.640   41.820   3750919.000   
20171130   42.160   41.130   41.510   41.500   4371334.000   
20171129   42.320   40.800   41.240   42.190   4938497.000   
20171128   43.750   41.210   43.300   41.810   6890455.000   
20171127   42.420   41.490   42.040   42.150   3091740.000   
20171124   42.900   42.090   42.210   42.800   1306136.000   
20171122   42.680   41.775   42.640   41.840   3252334.000   
20171121   42.730   40.220   41.390   42.730   6257368.000   
20171120   42.550   41.750   42.210   42.290   4844213.000   
20171117   43.600   42.000   43.400   42.000   3569042.000   
20171116   43.080   42.060   42.300   42.680   3328098.000   
20171115   42.370   40.730   42.210   41.270   4726434.000   
20171114   42.900   40.620   41.870   42.900   8095739.000   
20171113   43.870   42.550   43.130   42.700   3162683.000   
20171110   44.460   42.750   43.010   42.930   4441527.000   
20171109   44.710   43.110   43.330   44.710   7661245.000   
20171107   47.204   46.540   46.970   47.110   2163621.000   
20171106   47.680   46.530   47.290   47.200   1725268.000   
20171103   47.430   46.710   47.120   47.250   1837775.000   
20171102   47.767   47.070   47.460   47.680   2057632.000   
20171101   49.270   47.450   47.700   48.910   3174620.000   
20171031   48.070   46.380   47.780   47.150   2717532.000   
20171030   48.380   47.370   47.420   47.750   2068082.000   
20171027   48.250   47.010   47.910   47.835   3854884.000   
20171026   49.730   48.520   49.150   49.520   3463408.000   
20171025   49.880   48.510   49.550   49.730   3108193.000   
20171024   50.310   48.060   50.080   48.130   6692106.000   
20171023   48.560   47.830   47.930   48.040   4019535.000   
20171020   48.130   47.060   47.930   47.130   4204274.000   
20171019   47.740   46.010   46.540   46.500   5876010.000   
20171018   47.840   46.510   47.750   47.380   4606081.000   
20171017   48.720   47.420   47.770   48.650   3955418.000   
20171016   48.930   47.480   48.240   48.000   4674758.000   
20171013   48.630   47.600   47.710   48.320   3275773.000   
20171012   47.770   46.800   47.530   46.950   2847149.000   
20171011   47.000   46.210   46.940   46.720   2727964.000   
20171010   47.450   46.580   46.890   47.280   3578552.000   
20171009   47.720   46.580   47.070   47.630   2235611.000   
20171006   47.890   47.300   47.490   47.890   3963440.000   
20171005   48.729   47.650   48.250   48.080   3191480.000   
20171004   49.300   47.750   47.910   48.270   4124236.000   
20171003   48.330   47.440   48.310   47.970   3305104.000   
20171002   48.030   46.410   47.650   46.430   4037598.000   
20170929   47.000   45.900   46.620   46.450   3822240.000   
20170928   46.460   44.810   46.080   45.070   5281047.000   
20170927   45.560   44.480   45.070   45.280   2391140.000   
20170926   45.520   44.720   44.740   45.110   4539017.000   
20170925   45.700   44.620   45.290   45.330   3071243.000   
20170922   45.780   44.670   45.380   45.310   3089145.000   
20170921   47.250   45.970   46.250   47.110   3687387.000   
20170920   47.950   46.530   47.500   46.980   5852935.000   
20170919   46.440   44.860   46.200   45.220   4854097.000   
20170918   45.090   44.660   44.910   44.800   3224767.000   
20170915   45.090   44.220   44.650   44.760   5385078.000   
20170914   45.000   43.750   44.800   44.480   4449460.000   
20170913   45.070   44.360   44.910   44.610   3351512.000   
20170912   45.200   44.330   45.000   44.590   4826286.000   
20170911   44.490   43.130   43.600   43.250   4173996.000   
20170908   44.370   42.240   42.610   44.370   7296016.000   
20170907   44.900   44.040   44.730   44.160   3326446.000   
20170906   44.500   43.300   44.430   44.400   3419529.000   
20170905   45.120   43.700   44.420   45.080   5222978.000   
20170901   45.220   44.130   45.040   44.210   3374580.000   
20170831   44.000   43.180   43.880   43.670   4088495.000   
20170830   44.100   42.991   43.090   43.230   5502878.000   
20170829   43.180   41.380   43.000   41.660   3890419.000   
20170828   42.260   41.050   42.170   41.430   2678449.000   
20170825   41.800   40.840   41.210   41.680   2729842.000   
20170824   41.550   40.560   41.340   40.880   3103742.000   
20170823   41.440   39.450   41.060   39.560   4820314.000   
20170822   40.130   38.730   39.770   38.740   3867097.000   
20170821   38.660   38.050   38.470   38.190   2331799.000   
20170818   38.210   37.340   37.760   37.880   2028802.000   
20170817   39.000   37.750   37.800   39.000   3272834.000   
20170816   39.330   37.910   39.230   37.960   4295678.000   
20170815   37.980   37.140   37.500   37.300   1826477.000   
20170814   38.158   37.125   37.190   38.110   2129458.000   
20170811   37.910   36.930   37.780   37.210   2936153.000   
20170810   38.780   37.715   37.780   38.120   3515585.000   
20170809   39.450   38.400   38.620   39.210   3692522.000   
20170808   40.362   38.360   39.580   38.500   8674921.000   
20170807   38.470   37.610   37.990   38.000   4914994.000   
20170804   37.500   36.730   37.420   37.340   2285810.000   
20170803   37.600   36.940   37.090   37.280   2884558.000   
20170802   37.330   36.200   37.280   36.270   2962758.000   
20170801   36.740   35.910   36.380   36.460   1918688.000   
20170731   36.440   35.665   36.400   35.970   2137320.000   
20170728   36.320   35.540   35.640   36.170   2851126.000   
20170727   37.070   36.085   36.360   36.840   2044059.000   
20170726   37.610   36.560   36.630   37.420   3390179.000   
20170725   37.380   36.865   37.300   37.070   3403471.000   
20170724   36.880   36.510   36.690   36.590   2244773.000   
20170721   36.858   36.505   36.620   36.550   2449086.000   
20170720   37.310   35.950   36.720   35.950   4745762.000   
20170719   36.620   36.070   36.500   36.610   4431844.000   
20170718   36.480   35.800   36.430   36.400   3049846.000   
20170717   36.690   36.205   36.400   36.440   3453010.000   
20170714   36.440   35.980   36.320   36.200   3966487.000   
20170713   36.380   35.430   36.010   35.450   5277848.000   
20170712   35.470   34.440   34.600   35.250   4134442.000   
20170711   35.080   33.990   35.000   34.220   4244142.000   
20170710   34.450   33.680   34.140   33.910   3036347.000   
20170707   34.370   33.265   34.190   34.000   3772263.000   
20170706   35.380   33.600   33.890   33.610   6220940.000   
20170705   34.255   33.570   33.770   34.170   4006069.000   
20170703   34.300   32.915   34.020   32.940   3112086.000   
20170630   33.450   32.535   32.650   33.160   3014777.000   
20170629   33.340   32.610   33.180   33.110   3730077.000   
20170628   33.000   31.930   32.950   32.100   3764296.000   
20170627   32.500   31.490   31.630   31.600   5463485.000   
20170626   31.295   30.650   31.180   31.190   2935982.000   
20170623   31.430   29.790   31.090   30.130   6287723.000   
20170622   30.250   29.660   29.800   29.810   2906662.000   
20170621   30.590   29.635   29.690   30.590   3485500.000   
20170620   31.095   30.410   30.450   30.690   2566746.000   
20170619   31.300   30.160   30.890   30.370   3909102.000   
20170616   30.863   29.550   30.000   30.800   4741975.000   
20170615   31.450   30.610   30.740   31.120   3224303.000   
20170614   32.680   31.210   31.540   32.570   3714380.000   
20170613   32.548   31.550   32.480   31.970   2995123.000   
20170612   33.210   31.630   31.780   32.820   4709295.000   
20170609   34.000   32.850   33.010   33.640   3063086.000   
20170608   33.650   32.590   33.500   32.600   3274208.000   
20170607   33.170   32.400   32.820   33.150   3329688.000   
20170606   33.490   32.780   32.940   33.110   2295347.000   
20170605   33.580   32.650   33.320   32.650   2604958.000   
20170602   33.000   32.350   32.860   32.390   2633226.000   
20170601   33.450   32.450   32.940   32.840   2372191.000   
20170531   33.050   31.760   32.940   32.880   4491991.000   
20170530   33.160   32.530   32.990   33.030   3215090.000   
20170526   33.360   32.870   33.270   32.870   2369666.000   
20170525   34.090   33.030   33.090   33.680   2321565.000   
20170524   33.920   33.045   33.510   33.270   3338172.000   
20170523   33.360   32.560   33.260   32.980   2949100.000   
20170522   33.200   32.470   32.960   32.650   3402047.000   
20170519   32.880   32.100   32.290   32.160   2606084.000   
20170518   32.170   31.100   31.920   31.450   2394271.000   
20170517   32.220   31.580   31.630   31.880   3707349.000   
20170516   32.400   31.750   32.160   32.100   2993409.000   
20170515   32.500   31.970   32.030   32.170   2383950.000   
20170512   32.130   30.960   31.790   31.000   3379716.000   
20170511   31.310   30.450   31.160   31.230   4109259.000   
20170510   31.460   30.700   31.080   30.950   3486451.000   
20170509   31.240   30.460   30.820   31.220   3413988.000   
20170508   31.370   30.660   31.020   31.370   3780789.000   
20170505   31.960   31.050   31.820   31.350   4031041.000   
20170504   31.360   30.420   31.040   31.220   7900198.000   
20170503   32.900   31.510   31.690   32.900   7328528.000   
20170502   34.330   33.300   33.330   33.310   3882041.000   
20170501   34.130   32.900   33.280   33.950   4984140.000   
20170428   34.945   33.680   33.730   34.810   5238656.000   
20170427   35.900   34.155   34.520   35.750   14763506.000   
20170426   37.200   35.850   36.450   36.000   7369332.000   
20170425   36.550   34.230   36.490   34.230   11075292.000   
20170424   33.440   32.150   33.310   32.240   7907300.000   
20170421   32.550   31.650   31.700   32.200   5043928.000   
20170420   32.300   31.460   32.040   31.890   5429646.000   
20170419   32.440   31.280   31.300   32.180   2465529.000   
20170418   32.370   30.450   31.760   30.780   5018853.000   
20170417   31.790   30.970   31.310   31.170   4099722.000   
20170413   32.470   30.990   30.990   32.110   6143280.000   
20170412   34.290   32.030   32.050   33.860   7603354.000   
20170411   34.460   33.150   34.390   33.570   3142542.000   
20170410   33.780   33.200   33.660   33.660   2575451.000   
20170407   34.130   33.151   33.730   33.250   3673929.000   
20170406   34.160   33.190   33.650   33.850   3627131.000   
20170405   35.090   33.755   33.850   34.790   4016824.000   
20170404   34.500   33.821   34.230   34.030   2297037.000   
20170403   35.000   33.502   34.220   34.620   4204663.000   
20170331   34.740   33.600   34.400   34.060   5188399.000   
20170330   35.140   32.960   33.490   33.000   7122597.000   
20170329   33.290   32.730   32.910   32.910   2611803.000   
20170328   33.637   32.450   32.920   32.500   4039664.000   
20170327   32.570   31.290   32.470   31.740   3654475.000   
20170324   33.860   32.365   32.560   33.610   4110369.000   
20170323   33.690   33.110   33.310   33.410   3071983.000   
20170322   34.150   33.010   33.690   33.350   2878415.000   
20170321   35.250   33.170   33.220   34.900   4540663.000   
20170320   35.360   34.100   34.900   34.900   2688853.000   
20170317   35.980   34.950   34.970   35.570   3827967.000   
20170316   35.990   34.980   35.380   35.660   3644274.000   
20170315   35.290   33.950   35.140   34.400   3753386.000   
20170314   34.580   33.770   34.190   34.450   3113001.000   
20170313   35.520   34.530   34.700   35.210   2491431.000   
20170310   36.000   34.235   34.530   35.900   4052315.000   
20170309   36.550   34.890   35.360   36.070   4826219.000   
20170308   36.820   35.900   35.990   35.900   4485667.000   
20170307   36.890   35.750   35.800   36.810   3753385.000   
20170306   37.480   35.800   36.930   36.800   5764124.000   
20170303   36.890   35.750   36.380   36.060   3238051.000   
20170302   38.170   35.830   35.850   37.640   5098625.000   
20170301   38.150   35.850   37.990   35.930   10564474.000   
20170228   35.330   34.400   34.590   34.730   4034102.000   
20170227   35.380   34.190   34.780   34.520   3898218.000   
20170224   34.640   33.350   34.480   33.810   5763834.000   
20170223   36.880   34.260   34.320   36.860   7139960.000   
20170222   36.710   36.210   36.600   36.400   2587865.000   
20170221   37.010   36.230   36.710   36.310   3393391.000   
20170217   36.610   35.790   36.210   36.240   4516538.000   
20170216   37.830   36.350   36.460   37.820   7040708.000   
20170215   38.300   37.730   37.870   38.250   11488878.000   
20170214   39.250   38.180   38.560   38.570   3754357.000   
20170213   39.780   38.450   38.480   38.790   5366057.000   
20170210   38.540   37.505   38.300   37.920   3629116.000   
20170209   37.750   36.994   37.420   37.410   3392385.000   
20170208   38.500   37.110   37.540   37.930   3119915.000   
20170207   38.250   37.310   37.970   38.040   3269794.000   
20170206   38.000   36.800   37.750   36.900   2833638.000   
20170203   38.050   36.830   36.860   37.870   5243205.000   
20170202   38.370   36.630   37.680   36.700   5049682.000   
20170201   37.190   36.200   36.260   36.580   2905397.000   
20170131   37.230   36.010   36.450   36.780   2690080.000   
20170130   36.590   35.770   36.550   36.480   3002400.000   
20170127   37.390   36.270   36.670   36.300   3617786.000   
20170126   37.070   35.510   36.300   36.220   5735365.000   
20170125   38.940   36.310   36.530   38.580   13583342.000   
20170124   38.380   37.180   37.500   37.180   11911148.000   
20170123   36.395   35.455   36.290   35.920   5244644.000   
20170120   35.740   34.930   35.660   35.400   5330764.000   
20170119   35.630   34.180   35.420   34.220   5050105.000   
20170118   34.830   32.640   34.810   32.950   6417754.000   
20170117   33.040   32.520   32.640   32.970   1382009.000   
20170113   33.430   32.530   33.010   32.820   3026692.000   
20170112   33.500   32.510   33.040   33.000   4519604.000   
20170111   32.000   31.080   31.970   31.080   3068269.000   
20170110   31.100   29.730   30.980   29.830   3824409.000   
20170109   30.880   29.215   29.480   30.880   4199908.000   
20170106   31.100   30.310   30.680   30.690   2086333.000   
20170105   30.930   30.115   30.650   30.180   2444552.000   
20170104   30.300   29.020   30.260   29.020   3339121.000   
20170103   28.870   28.170   28.830   28.600   2746634.000   
20161230   29.378   28.010   28.080   28.970   2685997.000   
20161229   29.440   28.600   28.890   29.430   3224941.000   
20161228   30.170   29.350   29.430   29.780   2751053.000   
20161227   30.040   29.400   29.650   29.580   1708938.000   
20161223   30.130   29.340   29.710   29.790   2887430.000   
20161222   30.350   29.540   29.750   30.210   3766694.000   
20161221   30.430   30.020   30.430   30.190   1811751.000   
20161220   30.330   29.770   30.160   29.900   3826971.000   
20161219   29.490   28.750   29.290   28.890   2569496.000   
20161216   30.420   29.160   29.400   29.650   8131428.000   
20161215   30.440   29.650   29.790   30.160   3753185.000   
20161214   31.320   30.030   30.450   30.110   3176106.000   
20161213   31.730   30.030   30.240   31.400   4215143.000   
20161212   32.350   30.850   31.240   32.160   3416012.000   
20161209   32.110   31.040   32.050   31.310   4344295.000   
20161208   31.840   30.800   31.310   31.280   3064978.000   
20161207   31.890   30.765   30.900   31.300   5778259.000   
20161206   31.190   30.210   31.150   30.710   3248595.000   
20161205   31.277   28.890   31.220   29.030   7034136.000   
20161202   29.625   28.730   29.040   28.860   3870676.000   
20161201   29.420   28.600   28.880   28.840   5006186.000   
20161130   30.440   28.850   28.970   30.060   5131539.000   
20161129   30.500   29.730   29.730   30.020   4927708.000   
20161128   31.800   30.700   30.860   31.480   5121935.000   
20161125   32.190   31.110   31.700   31.240   3109628.000   
20161123   31.930   30.000   31.510   31.000   4112265.000   
20161122   31.910   30.540   31.340   31.100   4182721.000   
20161121   30.980   29.501   30.690   30.890   2986107.000   
20161118   31.770   30.160   30.420   31.730   4421730.000   
20161117   32.020   30.770   31.850   31.300   4693203.000   
20161116   31.690   29.660   31.420   29.690   6150098.000   
20161115   30.230   28.830   30.210   28.940   3668883.000   
20161114   29.940   28.610   29.620   29.500   5156737.000   
20161111   29.990   27.630   29.300   29.180   5337239.000   
20161110   29.700   28.300   29.100   29.080   8189887.000   
20161109   29.140   26.000   28.720   26.830   10675856.000   
20161108   26.590   24.300   26.400   24.300   6469979.000   
20161107   26.410   24.890   25.080   25.540   8377025.000   
20161104   25.500   23.560   25.200   23.820   6878500.000   
20161103   24.349   22.940   24.150   22.960   8083097.000   
20161102   23.265   22.636   22.910   22.670   10755328.000   
20161101   23.550   21.780   23.000   22.100   32216510.000   
