20180327   25.239   24.150   24.600   24.540   747569.000   
20180326   25.840   23.510   24.530   25.550   1836280.000   
20180323   26.325   25.230   25.360   26.000   1123201.000   
20180322   26.970   25.910   25.960   26.500   945245.000   
20180321   27.240   26.460   26.710   26.510   918485.000   
20180320   26.870   25.950   26.670   26.070   563206.000   
20180319   26.880   25.800   26.220   26.790   1264304.000   
20180316   27.380   26.570   26.780   27.380   1312183.000   
20180315   29.160   26.610   26.790   28.940   2251504.000   
20180314   30.110   29.030   29.120   29.740   916733.000   
20180313   31.000   28.800   29.510   30.840   1901913.000   
20180312   31.970   29.930   30.950   30.000   3291695.000   
20180309   29.380   28.050   28.700   28.050   1306963.000   
20180308   29.500   26.650   27.950   26.650   2401142.000   
20180307   27.440   26.280   26.780   27.180   1543500.000   
20180306   28.430   27.300   27.450   28.140   1590027.000   
20180305   28.550   27.480   27.530   27.950   949419.000   
20180302   28.105   27.010   27.950   27.500   1041896.000   
20180301   28.200   27.111   27.820   27.900   1138164.000   
20180228   28.040   26.350   27.930   27.570   1138007.000   
20180227   28.280   27.180   27.330   28.000   940434.000   
20180226   28.750   27.800   28.000   28.060   1356117.000   
20180223   28.090   26.680   28.020   27.000   1863913.000   
20180222   29.000   26.110   27.510   28.660   10590458.000   
20180221   34.980   32.310   34.550   33.660   1905190.000   
20180220   33.980   32.000   33.330   32.200   1209584.000   
20180216   32.200   30.590   31.990   31.630   1266572.000   
20180215   32.510   31.280   31.990   31.280   1148814.000   
20180214   31.310   29.041   31.280   29.100   978617.000   
20180213   29.710   28.560   29.510   29.300   1362458.000   
20180212   31.047   28.970   30.250   30.770   1522043.000   
20180209   32.660   30.300   30.710   32.180   1901200.000   
20180208   32.580   31.300   32.050   31.300   1426488.000   
20180207   33.860   30.850   31.530   33.860   2213529.000   
20180206   33.800   31.230   33.420   32.000   1551281.000   
20180205   33.700   32.370   32.580   32.500   615601.000   
20180202   33.849   32.800   32.810   33.610   665479.000   
20180201   33.600   32.342   33.490   32.500   625095.000   
20180131   33.373   32.140   32.390   33.010   694010.000   
20180130   33.420   32.120   32.840   32.740   887447.000   
20180129   34.880   33.050   33.330   34.630   1719704.000   
20180126   36.290   34.910   35.990   34.910   1004935.000   
20180125   35.110   34.090   35.100   34.320   594540.000   
20180124   35.450   33.620   34.240   34.920   1423892.000   
20180123   35.090   33.850   35.090   34.420   695126.000   
20180122   35.440   34.100   34.500   34.980   785854.000   
20180119   36.180   34.015   35.030   34.870   2499475.000   
20180118   33.928   32.320   32.790   33.730   1502381.000   
20180117   35.490   33.990   34.000   34.000   1241389.000   
20180116   35.730   33.630   34.170   35.690   1509060.000   
20180112   36.670   35.350   35.880   36.310   835996.000   
20180111   36.280   35.010   35.940   35.370   869787.000   
20180110   35.920   33.780   35.310   35.040   1722303.000   
20180109   38.300   35.100   35.540   38.140   3004054.000   
20180108   38.990   37.440   38.370   38.900   898983.000   
20180105   39.170   38.040   38.890   38.700   677692.000   
20180104   38.650   37.910   38.380   37.950   696035.000   
20180103   38.340   37.420   37.890   38.270   1030703.000   
20180102   38.770   37.620   37.910   37.800   963893.000   
20171229   38.860   37.360   37.820   38.600   1485044.000   
20171228   39.400   38.340   38.860   38.760   848091.000   
20171227   39.750   38.410   38.660   38.650   898763.000   
20171226   39.910   38.580   38.910   39.510   732950.000   
20171222   40.260   39.590   39.960   40.020   595591.000   
20171221   41.940   40.200   40.520   41.350   1074273.000   
20171220   42.880   40.750   41.300   42.410   906725.000   
20171219   42.570   39.310   42.070   39.410   2167609.000   
20171218   40.399   39.100   39.270   39.100   1127632.000   
20171215   39.549   38.760   38.980   39.350   1175167.000   
20171214   40.750   39.000   39.090   40.170   875282.000   
20171213   41.430   40.190   40.350   40.670   885913.000   
20171212   40.996   39.500   40.150   40.000   874774.000   
20171211   40.565   38.750   40.520   38.780   1000191.000   
20171208   39.710   38.100   38.690   39.100   1335702.000   
20171207   40.700   38.200   38.840   40.430   2034426.000   
20171206   42.379   40.670   40.740   41.990   1069583.000   
20171205   44.200   41.580   42.460   43.820   1132420.000   
20171204   44.050   41.530   44.050   43.470   1098812.000   
20171201   43.890   41.830   43.380   43.210   1137699.000   
20171130   45.020   43.060   43.660   43.300   1249243.000   
20171129   43.720   42.320   43.300   43.060   1360710.000   
20171128   43.330   41.260   42.680   41.500   1177657.000   
20171127   42.450   41.180   41.240   42.210   944978.000   
20171124   43.040   42.000   42.220   42.000   508835.000   
20171122   43.539   41.690   41.950   43.000   1058183.000   
20171121   43.870   42.310   42.900   43.150   1616773.000   
20171120   45.710   43.450   43.480   44.550   1668570.000   
20171117   45.270   44.280   45.040   44.540   1004908.000   
20171116   46.112   44.210   44.800   46.000   1187987.000   
20171115   45.800   44.130   45.400   45.800   1808897.000   
20171114   44.269   42.790   43.900   43.890   1279343.000   
20171113   46.600   43.640   44.580   45.240   2421287.000   
20171110   46.072   42.550   45.300   42.670   2963763.000   
20171109   44.240   41.344   43.200   43.000   2834306.000   
20171107   38.600   36.970   37.890   37.980   2420912.000   
20171106   38.720   36.700   37.800   37.580   2387425.000   
20171103   39.873   37.560   37.820   39.300   2713643.000   
20171102   42.500   39.010   39.280   39.080   2236339.000   
20171101   41.466   38.830   38.970   40.410   1264176.000   
20171031   42.990   40.570   40.740   42.440   1606156.000   
20171030   42.250   38.890   42.120   39.300   1842479.000   
20171027   39.390   37.270   39.270   38.650   2046334.000   
20171026   40.800   38.500   38.680   40.350   1665137.000   
20171025   41.980   39.600   40.430   41.510   2315599.000   
20171024   42.835   41.550   41.660   42.040   1073336.000   
20171023   42.240   40.800   41.810   41.410   1303017.000   
20171020   42.600   41.210   41.470   42.300   1299014.000   
20171019   42.830   41.050   42.170   41.640   1823289.000   
20171018   44.590   41.950   42.290   43.500   2000306.000   
20171017   45.500   42.240   43.740   42.790   2833816.000   
20171016   47.750   43.135   43.380   47.000   4521625.000   
20171013   49.770   46.000   47.010   46.550   8672894.000   
20171012   61.000   58.630   58.840   60.620   2723588.000   
20171011   62.300   60.380   61.440   60.450   1634657.000   
20171010   60.650   59.030   60.350   59.060   1718989.000   
20171009   59.399   57.900   58.790   59.240   1457480.000   
20171006   59.430   56.550   58.170   56.730   2017494.000   
20171005   59.240   56.750   56.990   59.000   2570101.000   
20171004   61.990   59.350   59.430   61.390   2155885.000   
20171003   62.780   59.820   61.730   61.970   3390684.000   
20171002   65.750   63.000   64.520   64.360   1222599.000   
20170929   66.230   64.000   64.670   64.000   1785242.000   
20170928   65.340   63.450   64.210   64.360   1210374.000   
20170927   65.680   63.873   64.730   63.960   1898531.000   
20170926   63.940   61.610   62.850   62.050   1732982.000   
20170925   63.800   59.290   61.110   62.570   2182187.000   
20170922   64.680   62.720   63.800   62.870   1093609.000   
20170921   65.390   61.300   63.600   63.990   2605620.000   
20170920   68.950   63.700   63.960   67.250   3475606.000   
20170919   71.290   65.360   67.230   67.250   6917837.000   
20170918   66.700   58.350   66.290   58.460   6217795.000   
20170915   58.900   56.900   58.300   57.250   1848150.000   
20170914   59.500   56.800   57.270   59.310   2030085.000   
20170913   60.553   56.310   59.690   57.250   2143356.000   
20170912   59.290   57.500   57.990   58.650   1387211.000   
20170911   58.390   56.940   58.110   58.000   1245434.000   
20170908   57.820   55.880   56.760   55.980   1722914.000   
20170907   59.250   56.100   56.160   58.520   1877261.000   
20170906   58.730   56.360   58.060   56.360   2283556.000   
20170905   59.000   55.130   56.090   58.390   2742655.000   
20170901   60.170   58.400   58.980   59.250   1866019.000   
20170831   61.190   58.820   59.120   61.010   3757275.000   
20170830   64.000   61.460   61.500   63.100   1920323.000   
20170829   63.340   60.010   62.690   60.030   2717490.000   
20170828   62.300   60.500   61.250   61.840   1432079.000   
20170825   62.900   61.700   62.300   62.380   1004829.000   
20170824   64.900   61.720   62.390   64.790   2689803.000   
20170823   64.250   60.121   63.510   60.290   2256099.000   
20170822   62.400   60.410   61.020   60.940   1930912.000   
20170821   64.418   60.050   60.600   63.930   3102114.000   
20170818   65.550   62.560   64.100   64.160   1948216.000   
20170817   66.570   64.260   64.510   65.000   2031261.000   
20170816   68.170   64.800   65.790   67.880   3364820.000   
20170815   71.450   67.450   68.180   71.070   3682761.000   
20170814   69.210   66.170   68.920   67.820   3238871.000   
20170811   66.890   63.020   65.840   63.610   2832509.000   
20170810   66.770   63.000   63.550   66.670   3433471.000   
20170809   71.200   66.660   67.470   70.230   4073450.000   
20170808   74.430   70.100   71.200   71.750   6311462.000   
20170807   73.010   63.100   69.690   64.140   10850547.000   
20170804   75.000   64.400   64.600   75.000   16972507.000   
20170803   98.130   93.000   97.990   95.470   4219060.000   
20170802   101.300   92.360   93.500   100.000   4441792.000   
20170801   100.500   97.150   99.610   97.660   3094135.000   
20170731   98.370   95.080   97.490   98.200   2087489.000   
20170728   99.000   94.400   96.640   94.820   2614389.000   
20170727   103.410   92.930   97.820   99.590   5852258.000   
20170726   99.980   95.203   98.760   96.000   3325263.000   
20170725   97.710   93.570   96.800   97.690   2884179.000   
20170724   97.750   90.600   95.630   90.630   6745031.000   
20170721   91.768   85.620   89.950   90.480   5001456.000   
20170720   95.669   88.100   88.800   93.200   6056576.000   
20170719   95.430   91.000   92.540   91.800   5856114.000   
20170718   91.460   83.070   90.180   83.500   5517023.000   
20170717   85.879   82.090   84.180   85.770   4181899.000   
20170714   86.360   77.680   84.200   78.000   6845977.000   
20170713   79.980   74.010   78.040   77.050   8220522.000   
20170712   72.950   69.800   72.640   70.550   2627495.000   
20170711   71.000   67.800   70.040   68.500   2807097.000   
20170710   69.050   64.790   68.640   67.390   2547807.000   
20170707   68.380   62.120   67.300   62.120   3756524.000   
20170706   62.817   59.150   61.470   59.700   1539652.000   
20170705   62.600   60.200   60.620   61.650   1476797.000   
20170703   63.750   61.040   61.390   62.410   971079.000   
20170630   63.620   60.430   61.790   61.740   2396091.000   
20170629   60.854   58.770   60.000   60.160   1361860.000   
20170628   61.190   58.000   61.000   59.620   1977369.000   
20170627   62.229   58.267   58.440   61.300   2741784.000   
20170626   65.010   60.765   61.590   65.010   4643403.000   
20170623   67.180   63.350   65.870   63.600   2517838.000   
20170622   63.945   61.920   63.580   63.060   1283395.000   
20170621   64.300   61.090   63.100   61.100   1828870.000   
20170620   63.750   60.890   61.080   63.230   1996255.000   
20170619   65.230   62.291   63.200   63.300   2572770.000   
20170616   63.150   60.100   62.880   62.230   2937329.000   
20170615   62.990   57.550   62.230   58.250   3929535.000   
20170614   64.900   59.610   60.950   64.000   3725458.000   
20170613   67.848   63.250   63.850   66.710   3173107.000   
20170612   66.890   60.020   64.610   63.520   4910968.000   
20170609   74.000   62.040   64.710   73.890   5228904.000   
20170608   73.170   70.710   73.140   71.730   2035757.000   
20170607   73.870   70.030   71.480   73.300   2749839.000   
20170606   75.590   70.500   73.410   71.350   2859251.000   
20170605   75.000   71.800   72.440   74.960   2725406.000   
20170602   74.730   71.760   74.680   72.050   3974740.000   
20170601   71.360   69.440   70.010   70.050   1845352.000   
20170531   71.650   68.720   69.820   71.070   2390957.000   
20170530   71.810   69.110   70.480   71.200   2276558.000   
20170526   72.950   67.116   71.510   67.370   3877279.000   
20170525   69.890   66.300   67.880   68.800   2552929.000   
20170524   70.230   67.860   68.630   68.250   2003700.000   
20170523   71.700   67.060   69.150   71.600   3744252.000   
20170522   71.340   65.800   71.240   66.000   6745276.000   
20170519   65.930   63.500   63.540   64.740   2249458.000   
20170518   65.300   58.960   63.980   60.060   3921392.000   
20170517   64.000   60.100   61.380   63.040   3471294.000   
20170516   65.240   62.530   64.970   64.110   2495066.000   
20170515   66.400   63.250   64.010   65.800   3087272.000   
20170512   67.010   63.215   65.450   64.240   3001893.000   
20170511   65.330   62.080   64.230   64.050   3518926.000   
20170510   65.000   61.360   64.970   61.810   3918445.000   
20170509   62.640   56.010   62.110   57.750   5025691.000   
20170508   60.000   56.550   57.390   57.150   5299027.000   
20170505   56.300   48.500   55.960   51.530   10842043.000   
20170504   48.750   46.340   46.810   47.300   2632545.000   
20170503   46.920   45.010   46.470   45.990   2099826.000   
20170502   50.300   46.270   47.300   49.980   2595808.000   
20170501   52.100   49.330   50.130   50.250   3231276.000   
20170428   49.800   48.200   49.390   48.840   1377682.000   
20170427   49.830   46.920   49.360   47.850   2347017.000   
20170426   49.840   46.750   47.470   49.450   3017308.000   
20170425   49.850   47.740   49.400   48.210   3403557.000   
20170424   48.890   45.830   48.780   46.830   6039861.000   
20170421   47.140   44.750   45.540   45.860   4223944.000   
20170420   44.350   43.500   44.310   43.930   972635.000   
20170419   44.899   43.080   43.730   44.340   1678258.000   
20170418   44.650   42.430   44.200   42.600   2232944.000   
20170417   46.369   43.190   43.330   45.510   3987095.000   
20170413   50.000   44.640   45.300   49.850   13208386.000   
20170412   42.489   40.280   40.820   42.040   2502981.000   
20170411   44.700   41.790   42.380   44.430   1960460.000   
20170410   46.100   43.700   44.460   45.320   1386331.000   
20170407   47.138   44.020   44.680   46.000   1866386.000   
20170406   47.710   44.600   46.310   44.760   2988731.000   
20170405   51.550   44.540   44.680   51.300   6126937.000   
20170404   53.900   50.560   51.190   53.210   1897538.000   
20170403   57.900   53.170   53.470   56.920   1627378.000   
20170331   56.540   54.171   56.150   55.350   2467491.000   
20170330   58.537   53.280   55.350   58.070   2586054.000   
20170329   59.418   57.500   58.020   59.180   1129280.000   
20170328   60.090   57.120   58.560   60.020   2109427.000   
20170327   60.190   52.570   59.880   53.840   3697717.000   
20170324   55.719   51.780   55.020   51.780   2127582.000   
20170323   53.150   50.910   51.510   52.900   1399790.000   
20170322   53.090   47.060   52.630   48.020   2207297.000   
20170321   51.970   48.060   48.230   50.480   1315045.000   
20170320   51.490   49.090   50.330   51.370   1098369.000   
20170317   50.990   47.701   50.770   48.000   1828820.000   
20170316   48.300   46.610   47.960   47.800   1216141.000   
20170315   49.150   46.900   47.400   48.270   1448200.000   
20170314   50.650   47.870   48.190   50.570   1139373.000   
20170313   51.550   49.810   51.060   51.150   766453.000   
20170310   52.460   49.420   50.920   52.010   1418670.000   
20170309   54.310   51.520   52.660   52.440   1019831.000   
20170308   54.947   51.500   52.560   54.850   1283917.000   
20170307   56.140   50.540   54.540   51.310   1902776.000   
20170306   52.750   50.500   51.460   52.750   1296956.000   
20170303   53.980   49.880   53.320   50.000   2676060.000   
20170302   49.250   46.690   49.230   46.970   1533682.000   
20170301   47.720   45.898   46.850   46.420   1025891.000   
20170228   48.750   45.600   45.920   47.560   1406535.000   
20170227   47.780   44.420   47.460   46.050   1876209.000   
20170224   49.340   40.550   45.980   42.110   6549770.000   
20170223   38.260   36.330   37.470   37.730   1023358.000   
20170222   38.300   37.070   37.120   37.700   656012.000   
20170221   38.890   37.180   37.570   38.030   974925.000   
20170217   37.730   35.057   37.270   35.430   629469.000   
20170216   36.180   35.160   35.790   36.180   358254.000   
20170215   36.650   35.360   35.970   36.650   709752.000   
20170214   36.700   34.010   36.380   34.010   1006096.000   
20170213   35.570   33.120   33.920   33.530   1043335.000   
20170210   32.880   31.040   32.660   31.740   527900.000   
20170209   32.600   31.150   31.750   31.400   441370.000   
20170208   31.575   30.680   31.340   31.500   387421.000   
20170207   32.210   31.230   31.560   32.200   383995.000   
20170206   32.790   31.376   31.790   31.910   439488.000   
20170203   32.680   31.110   32.600   31.410   418362.000   
20170202   31.700   30.444   31.310   30.950   384773.000   
20170201   31.360   30.510   30.930   31.300   256485.000   
20170131   30.920   29.400   30.760   30.110   521139.000   
20170130   31.445   29.540   30.410   31.320   491447.000   
20170127   31.465   30.305   31.150   31.200   339974.000   
20170126   32.160   31.260   31.280   31.880   364372.000   
20170125   32.250   31.200   31.710   32.250   445751.000   
20170124   32.560   31.080   32.000   31.250   758775.000   
20170123   31.390   30.010   31.290   30.580   410628.000   
20170120   31.070   29.780   30.580   30.580   547687.000   
20170119   31.150   30.030   30.480   31.150   350789.000   
20170118   31.610   29.810   30.840   30.490   912181.000   
20170117   30.900   28.090   30.440   28.890   1412464.000   
20170113   30.540   27.820   28.220   30.500   1532650.000   
20170112   30.500   26.110   29.860   27.100   4415894.000   
20170111   23.460   22.500   22.720   22.860   382462.000   
20170110   23.320   22.310   22.870   22.360   197876.000   
20170109   22.730   21.880   22.240   22.360   347460.000   
20170106   23.075   22.271   22.420   22.990   221419.000   
20170105   23.510   22.611   22.810   23.500   160756.000   
20170104   23.610   23.130   23.510   23.130   199109.000   
20170103   24.090   22.870   23.100   23.710   268160.000   
20161230   24.250   23.210   23.440   24.250   197141.000   
20161229   24.944   23.860   24.270   24.410   112431.000   
20161228   24.930   24.310   24.390   24.900   240907.000   
20161227   25.450   24.630   24.720   24.950   249159.000   
20161223   25.100   24.340   24.820   24.730   200158.000   
20161222   25.450   24.330   24.840   24.780   193296.000   
20161221   24.960   24.230   24.740   24.490   148631.000   
20161220   25.200   24.240   24.420   25.170   219685.000   
20161219   25.520   24.750   24.960   24.750   321518.000   
20161216   24.850   24.030   24.680   24.590   483426.000   
20161215   24.450   23.810   24.400   23.820   332382.000   
20161214   24.450   23.380   23.770   24.300   300709.000   
20161213   24.720   23.730   24.290   23.860   215833.000   
20161212   24.940   23.730   24.130   24.700   260992.000   
20161209   26.260   24.230   24.740   25.580   581835.000   
20161208   25.330   24.398   24.900   24.500   359541.000   
20161207   24.550   23.630   24.390   23.650   552097.000   
20161206   23.930   22.920   23.400   23.930   280357.000   
20161205   24.000   23.140   23.900   23.270   424341.000   
20161202   23.740   22.904   23.270   23.400   456612.000   
20161201   25.110   23.210   23.395   24.790   374401.000   
20161130   25.623   24.640   24.770   25.180   285882.000   
20161129   25.410   24.950   25.040   25.070   301395.000   
20161128   25.570   24.920   25.140   25.300   218935.000   
20161125   25.500   25.060   25.470   25.140   153527.000   
20161123   25.850   24.850   25.150   25.850   559407.000   
20161122   26.430   24.850   26.000   26.200   1509395.000   
20161121   27.280   25.540   26.210   26.900   301518.000   
20161118   26.870   25.900   26.630   26.130   379031.000   
20161117   26.150   25.360   26.150   25.980   532264.000   
20161116   26.090   24.700   26.080   25.300   635015.000   
20161115   25.270   24.030   24.700   24.140   443248.000   
20161114   25.500   24.470   24.600   25.220   547699.000   
20161111   25.200   23.250   24.970   23.250   704526.000   
20161110   24.066   22.730   23.580   23.620   474940.000   
20161109   23.780   21.660   23.550   22.000   443489.000   
20161108   23.370   22.010   22.760   23.180   706503.000   
20161107   23.670   22.054   23.500   22.250   884639.000   
20161104   23.300   20.630   21.650   23.300   1533549.000   
20161103   21.010   19.717   20.850   20.500   505459.000   
20161102   21.100   19.205   20.100   19.510   612534.000   
20161101   19.860   18.850   19.150   19.250   249185.000   
20161031   20.010   19.150   19.230   19.500   332700.000   
20161028   20.370   19.550   19.690   19.800   156575.000   
20161027   21.890   19.910   19.990   21.630   346951.000   
20161026   21.869   20.975   21.390   21.250   131123.000   
20161025   21.613   20.830   21.150   21.520   142712.000   
20161024   21.610   20.662   21.590   20.720   216168.000   
20161021   20.710   20.220   20.565   20.630   181228.000   
20161020   21.030   20.130   20.750   20.130   194929.000   
20161019   20.330   19.980   20.295   20.010   241360.000   
20161018   20.360   19.814   20.050   20.100   443617.000   
20161017   20.338   20.000   20.030   20.250   143981.000   
20161014   21.220   20.170   20.290   20.400   207053.000   
20161013   21.200   19.830   20.160   21.200   502724.000   
20161012   22.062   20.570   21.430   22.000   348134.000   
20161011   23.200   21.820   22.040   23.080   358688.000   
20161010   23.350   22.930   23.150   23.040   198609.000   
20161007   23.100   22.620   22.720   23.050   162970.000   
20161006   23.400   22.910   23.050   23.020   317339.000   
20161005   24.180   21.786   23.260   22.060   763328.000   
20161004   22.030   21.265   21.630   21.580   262242.000   
20161003   22.080   21.130   21.440   22.000   282389.000   
20160930   22.400   20.770   22.210   20.770   636432.000   
20160929   21.320   20.900   20.960   21.220   187900.000   
20160928   21.620   20.960   21.220   21.350   398716.000   
20160927   21.490   21.040   21.310   21.040   242964.000   
20160926   21.600   20.850   21.010   21.110   409476.000   
20160923   21.540   20.700   21.140   20.760   427769.000   
20160922   22.470   20.630   20.840   22.000   758401.000   
20160921   21.810   21.200   21.760   21.320   507969.000   
20160920   22.180   20.650   21.260   22.100   631333.000   
20160919   22.300   21.660   22.030   21.810   421297.000   
20160916   21.750   20.910   21.700   21.410   449498.000   
20160915   22.320   21.310   21.650   21.640   590043.000   
20160914   21.720   20.050   21.600   20.230   893444.000   
20160913   20.460   19.670   20.300   20.070   395291.000   
20160912   20.630   18.700   20.420   19.310   810958.000   
20160909   20.530   19.570   19.630   20.100   629110.000   
20160908   20.400   19.640   20.020   20.400   537419.000   
20160907   21.180   19.580   19.850   21.150   1721381.000   
20160906   17.640   17.040   17.410   17.390   286101.000   
20160902   17.850   17.170   17.510   17.360   352142.000   
20160901   17.450   16.640   17.140   16.940   259890.000   
20160831   17.250   16.670   16.850   17.060   368343.000   
20160830   17.080   15.930   16.990   15.930   274779.000   
20160829   17.170   16.090   16.850   16.470   643435.000   
20160826   16.420   15.590   16.370   16.000   610002.000   
20160825   16.430   14.660   16.110   15.350   1753406.000   
20160824   14.228   13.860   13.880   13.970   143740.000   
20160823   14.190   13.740   14.020   13.820   176032.000   
20160822   13.680   13.342   13.640   13.660   101244.000   
20160819   13.820   13.080   13.740   13.330   286345.000   
20160818   13.437   13.060   13.340   13.170   448388.000   
20160817   13.970   13.270   13.310   13.970   242181.000   
20160816   14.180   13.920   14.000   14.020   265150.000   
20160815   14.180   13.850   14.030   14.050   240524.000   
20160812   14.050   13.430   14.010   13.580   494196.000   
20160811   13.820   13.470   13.550   13.740   371995.000   
20160810   14.090   13.460   13.600   14.090   297688.000   
20160809   14.410   13.930   13.970   14.250   402346.000   
20160808   14.940   14.200   14.290   14.790   339307.000   
20160805   15.250   14.020   14.790   14.660   1520694.000   
20160804   12.889   12.280   12.820   12.280   367727.000   
20160803   12.365   11.670   12.270   11.790   241510.000   
20160802   12.300   11.600   11.640   12.120   199390.000   
20160801   12.210   11.750   12.100   11.750   380562.000   
20160729   12.280   11.770   11.840   12.230   303739.000   
20160728   12.780   12.220   12.230   12.600   185405.000   
20160727   13.520   12.510   12.740   13.310   201052.000   
20160726   12.790   12.360   12.670   12.360   253161.000   
20160725   12.490   12.165   12.330   12.270   191061.000   
20160722   12.270   12.020   12.240   12.110   157297.000   
20160721   12.210   11.751   12.060   11.860   244329.000   
20160720   11.950   11.510   11.860   11.940   252359.000   
20160719   11.780   11.500   11.510   11.730   97649.000   
20160718   12.050   11.660   11.760   11.900   206655.000   
20160715   11.880   11.384   11.760   11.650   214817.000   
20160714   11.785   11.451   11.560   11.710   216989.000   
20160713   11.790   11.520   11.580   11.620   202362.000   
20160712   11.600   10.780   11.560   11.240   344586.000   
20160711   11.530   10.860   11.070   11.490   459554.000   
20160708   11.480   11.190   11.300   11.200   228073.000   
20160707   11.200   10.820   11.100   10.820   177636.000   
20160706   11.005   10.340   10.770   10.440   294766.000   
20160705   11.070   10.370   10.600   11.070   283695.000   
20160701   11.500   10.960   11.220   11.100   196282.000   
20160630   11.170   10.440   11.150   10.440   399801.000   
20160629   10.489   10.000   10.400   10.180   210614.000   
20160628   9.920   9.520   9.900   9.530   204560.000   
20160627   9.770   9.070   9.200   9.770   452869.000   
20160624   9.966   9.700   9.820   9.860   589602.000   
20160623   10.530   10.290   10.510   10.390   227033.000   
20160622   10.350   10.060   10.300   10.100   279055.000   
20160621   10.265   9.920   10.100   10.250   152430.000   
20160620   10.670   10.170   10.200   10.280   327658.000   
20160617   10.260   9.850   9.870   10.250   412495.000   
20160616   10.190   9.800   10.150   10.140   499587.000   
20160615   10.540   9.860   10.190   9.900   293021.000   
20160614   10.330   9.780   9.950   9.870   353544.000   
20160613   10.550   9.900   9.950   10.170   340580.000   
20160610   10.898   10.120   10.260   10.650   438229.000   
20160609   11.525   10.630   10.760   11.380   327857.000   
20160608   11.540   11.290   11.440   11.330   306987.000   
20160607   11.640   11.250   11.410   11.360   258566.000   
20160606   11.550   10.940   11.410   10.940   505697.000   
20160603   11.135   10.610   10.960   10.950   406768.000   
20160602   11.171   10.560   11.040   10.600   411591.000   
20160601   10.700   10.280   10.470   10.500   666345.000   
20160531   10.760   10.300   10.550   10.350   419975.000   
20160527   10.295   9.850   10.180   10.130   371875.000   
20160526   10.355   10.050   10.200   10.110   425146.000   
20160525   10.265   9.795   10.110   10.180   472048.000   
20160524   10.350   9.780   10.200   10.000   483143.000   
20160523   10.117   9.160   9.970   9.190   480782.000   
20160520   9.190   8.840   9.120   8.880   326801.000   
20160519   9.505   8.700   8.800   9.230   474536.000   
20160518   9.600   9.120   9.370   9.120   368487.000   
20160517   9.555   9.170   9.230   9.290   379451.000   
20160516   9.600   9.150   9.320   9.150   499015.000   
20160513   9.480   8.815   9.150   8.840   535340.000   
20160512   9.340   8.740   8.840   9.080   801685.000   
20160511   9.240   8.435   9.140   8.450   951733.000   
20160510   9.150   8.080   8.490   8.900   1899201.000   
20160509   10.725   10.260   10.260   10.600   455803.000   
20160506   10.700   10.340   10.560   10.580   268239.000   
20160505   10.870   10.350   10.600   10.650   316773.000   
20160504   10.920   10.540   10.610   10.640   375640.000   
20160503   11.215   10.560   10.650   11.040   445558.000   
20160502   11.370   10.760   11.120   11.210   509160.000   
20160429   11.475   11.000   11.200   11.310   526785.000   
20160428   11.780   11.220   11.340   11.310   588020.000   
20160427   11.500   10.820   11.440   10.900   330909.000   
20160426   11.150   10.650   10.900   11.150   706135.000   
20160425   11.530   11.050   11.080   11.510   392216.000   
20160422   11.600   11.050   11.590   11.050   515831.000   
20160421   11.540   11.010   11.010   11.540   567878.000   
20160420   11.820   11.250   11.380   11.700   1118308.000   
20160419   12.860   11.610   11.720   12.740   5064102.000   
20160418   16.110   15.640   16.110   15.790   160392.000   
20160415   16.180   15.760   15.820   16.180   125082.000   
20160414   16.480   15.920   16.250   16.100   126640.000   
20160413   16.310   15.510   16.040   15.580   268605.000   
20160412   16.018   15.230   15.420   16.000   254650.000   
20160411   16.440   15.580   15.910   15.820   274912.000   
20160408   15.860   14.820   15.730   15.050   383542.000   
20160407   15.030   14.530   14.700   14.740   175597.000   
20160406   15.130   14.270   14.880   14.800   179426.000   
20160405   15.180   14.260   14.740   14.890   282875.000   
20160404   15.540   14.830   15.090   15.050   243050.000   
20160401   15.380   14.690   15.040   14.720   190262.000   
20160331   15.250   14.710   14.910   15.210   237717.000   
20160330   15.550   15.140   15.270   15.300   433428.000   
20160329   15.200   14.640   15.050   15.100   546913.000   
20160328   15.980   15.110   15.200   15.900   243394.000   
20160324   16.130   15.400   15.790   15.890   375781.000   
20160323   16.830   15.790   16.020   16.160   506011.000   
20160322   17.320   15.810   16.160   17.280   540551.000   
20160321   17.910   17.450   17.460   17.530   159976.000   
20160318   17.930   17.320   17.560   17.760   194019.000   
20160317   17.940   17.190   17.650   17.290   160248.000   
20160316   17.500   16.500   17.400   16.830   175116.000   
20160315   17.330   16.810   16.910   17.230   148349.000   
20160314   18.090   17.440   17.450   17.570   163059.000   
20160311   17.630   17.180   17.610   17.540   128629.000   
20160310   17.270   16.700   17.040   17.050   151625.000   
20160309   17.220   16.770   17.020   17.140   161974.000   
20160308   17.840   16.960   16.990   17.840   161142.000   
20160307   18.480   17.890   18.120   18.150   196873.000   
20160304   18.790   17.960   18.240   18.270   210398.000   
20160303   18.570   18.010   18.320   18.290   155066.000   
20160302   18.500   18.120   18.290   18.320   252845.000   
20160301   18.420   17.700   18.330   18.170   267211.000   
20160229   18.750   17.141   17.990   18.230   273947.000   
20160226   18.960   16.580   18.220   17.000   568019.000   
20160225   17.000   15.010   16.890   16.000   1010060.000   
20160224   16.280   15.600   15.970   16.170   287457.000   
20160223   16.780   16.071   16.450   16.300   233354.000   
20160222   16.570   16.010   16.320   16.240   140382.000   
20160219   16.470   15.910   15.980   16.260   220365.000   
20160218   16.670   15.730   16.470   16.600   184239.000   
20160217   17.110   16.170   16.430   16.170   365734.000   
20160216   16.089   15.310   15.980   15.520   220356.000   
20160212   15.340   14.440   15.300   14.650   149083.000   
20160211   14.620   13.830   14.550   14.160   262715.000   
20160210   15.260   14.160   14.540   14.610   366575.000   
20160209   15.550   14.290   14.530   14.440   371496.000   
20160208   15.220   13.960   14.680   15.220   360308.000   
20160205   16.140   15.430   15.450   16.070   184626.000   
20160204   16.380   15.300   16.150   15.300   226932.000   
20160203   15.700   15.020   15.420   15.700   197628.000   
20160202   15.800   15.260   15.410   15.650   278842.000   
20160201   16.010   15.500   15.970   15.900   263769.000   
20160129   16.660   15.870   16.370   16.260   227345.000   
20160128   17.050   15.930   16.270   16.500   597211.000   
20160127   16.390   15.245   16.280   15.470   542428.000   
20160126   15.410   13.375   15.140   13.490   497429.000   
20160125   14.250   13.140   13.310   13.810   191241.000   
20160122   14.283   13.080   13.890   13.250   334185.000   
20160121   13.050   12.220   12.930   12.430   214675.000   
20160120   12.610   11.340   12.360   12.370   531856.000   
20160119   13.820   12.150   12.610   13.600   472119.000   
20160115   13.830   12.940   13.420   13.640   212828.000   
20160114   14.530   13.620   14.160   14.050   259238.000   
20160113   15.160   13.800   13.970   15.050   241774.000   
20160112   15.100   14.310   14.930   14.930   207797.000   
20160111   15.120   14.360   14.710   14.930   239839.000   
20160108   15.690   14.650   14.790   15.420   222783.000   
20160107   16.030   14.920   15.290   15.480   374302.000   
20160106   16.110   15.688   16.050   15.700   258748.000   
20160105   16.360   15.600   16.080   16.300   322658.000   
20160104   17.100   16.280   16.290   16.960   385496.000   
20151231   17.740   17.150   17.160   17.720   103224.000   
20151230   18.260   17.800   17.800   17.970   128900.000   
20151229   18.090   17.560   18.040   17.660   199299.000   
20151228   17.600   16.950   17.560   17.520   230611.000   
20151224   17.730   17.090   17.580   17.180   149318.000   
20151223   17.250   16.920   17.120   16.990   188504.000   
20151222   17.130   16.620   16.920   17.010   155921.000   
20151221   17.360   16.850   17.000   17.140   263140.000   
20151218   17.060   16.670   16.920   16.770   303876.000   
20151217   17.160   16.840   16.870   16.930   244931.000   
20151216   17.100   16.630   16.910   16.810   201088.000   
20151215   17.180   16.500   16.770   17.180   233580.000   
20151214   17.290   16.560   17.010   16.800   255279.000   
20151211   17.060   16.570   16.730   16.840   213404.000   
20151210   17.450   16.950   17.170   17.370   157139.000   
20151209   17.710   17.000   17.470   17.130   259947.000   
20151208   17.380   16.790   17.230   17.090   333382.000   
20151207   17.970   17.330   17.430   17.970   224664.000   
20151204   18.110   17.510   17.980   17.830   279634.000   
20151203   18.800   17.750   17.820   18.500   282123.000   
20151202   18.900   18.370   18.490   18.710   192070.000   
20151201   18.850   18.130   18.830   18.780   337956.000   
20151130   18.870   18.380   18.750   18.720   232866.000   
20151127   18.750   18.110   18.560   18.460   129838.000   
20151125   18.580   18.140   18.380   18.460   159550.000   
20151124   18.877   18.340   18.520   18.370   224511.000   
20151123   18.620   17.770   18.560   17.860   440898.000   
20151120   18.250   17.320   17.960   17.390   425124.000   
20151119   18.000   17.210   17.330   17.320   434990.000   
20151118   16.700   16.120   16.640   16.700   389777.000   
20151117   17.150   16.190   16.680   17.030   462738.000   
20151116   17.190   16.350   16.930   16.670   421165.000   
20151113   16.700   15.730   16.600   16.060   568753.000   
20151112   16.712   15.990   16.110   16.590   380746.000   
20151111   17.400   16.750   16.760   17.020   277363.000   
20151110   16.970   16.510   16.910   16.740   470719.000   
20151109   17.580   16.600   16.760   17.430   549815.000   
20151106   20.200   16.945   17.630   17.690   1311608.000   
20151105   18.730   17.320   17.730   18.220   732200.000   
20151104   20.215   17.750   18.310   20.100   1261200.000   
20151103   20.910   20.130   20.430   20.390   312883.000   
20151102   21.180   20.090   20.330   20.620   550900.000   
20151030   20.750   19.830   20.620   20.440   261423.000   
20151029   21.000   20.240   20.410   20.740   428771.000   
20151028   21.590   20.145   21.300   20.380   580501.000   
20151027   20.670   19.470   20.450   19.730   512192.000   
20151026   20.005   19.530   19.810   19.620   240512.000   
20151023   19.950   19.060   19.760   19.530   370096.000   
20151022   19.660   17.865   19.380   18.190   483963.000   
20151021   18.650   17.875   17.940   18.380   171998.000   
20151020   18.280   17.700   18.240   17.940   275028.000   
20151019   18.570   17.510   17.900   18.430   263527.000   
20151016   18.870   18.070   18.580   18.870   178741.000   
20151015   18.940   17.400   18.910   17.410   251678.000   
20151014   18.420   17.160   17.240   18.320   363029.000   
20151013   18.910   18.310   18.370   18.910   256455.000   
20151012   19.570   17.600   18.940   19.570   698159.000   
20151009   20.610   20.040   20.100   20.290   206779.000   
20151008   20.350   19.280   20.310   19.670   197744.000   
20151007   19.830   18.860   19.810   19.290   204193.000   
20151006   19.920   18.700   19.080   19.470   124371.000   
20151005   19.450   18.400   19.440   18.440   233334.000   
20151002   18.260   17.640   18.170   17.940   154753.000   
20151001   18.790   17.700   18.040   18.740   348633.000   
20150930   18.920   16.890   18.780   17.100   460474.000   
20150929   18.200   16.670   16.890   17.690   366298.000   
20150928   17.740   17.200   17.620   17.490   302211.000   
20150925   19.120   17.500   17.640   18.890   386295.000   
20150924   18.720   18.250   18.640   18.630   236927.000   
20150923   19.320   18.550   18.780   18.980   202739.000   
20150922   19.480   18.710   18.900   19.390   217630.000   
20150921   19.800   18.870   19.720   19.620   275175.000   
20150918   19.720   19.050   19.540   19.220   614401.000   
20150917   20.090   19.530   19.570   19.820   239217.000   
20150916   20.300   19.130   19.890   19.170   313354.000   
20150915   19.130   18.640   19.010   18.860   352458.000   
20150914   20.200   18.640   18.860   20.040   665381.000   
20150911   21.160   19.773   20.320   21.000   354369.000   
20150910   21.590   20.630   21.260   20.720   223761.000   
20150909   22.400   20.660   20.770   22.000   363880.000   
20150908   22.200   20.510   21.660   20.690   436633.000   
20150904   20.550   20.090   20.170   20.230   217665.000   
20150903   20.640   20.290   20.510   20.480   210280.000   
20150902   20.480   19.680   20.470   20.040   295938.000   
20150901   20.500   19.510   19.670   20.130   335234.000   
20150831   21.210   20.510   20.610   21.000   422944.000   
20150828   21.600   20.450   21.110   20.480   314634.000   
20150827   20.760   19.600   20.490   19.790   351136.000   
20150826   19.730   18.945   19.700   19.550   434524.000   
20150825   19.990   19.050   19.180   19.760   431965.000   
20150824   19.930   17.990   19.060   18.570   771895.000   
20150821   20.230   19.580   19.890   19.800   458108.000   
20150820   21.600   20.310   20.330   21.440   402140.000   
20150819   22.000   21.240   21.720   21.630   338912.000   
20150818   22.290   21.770   21.830   22.000   405489.000   
20150817   22.700   21.500   21.870   21.960   1875820.000   
20150814   22.756   21.750   22.110   22.380   326193.000   
20150813   22.790   22.210   22.510   22.320   623989.000   
20150812   22.490   21.550   22.380   21.800   489308.000   
20150811   22.360   21.300   22.100   21.650   817015.000   
20150810   22.230   21.410   21.990   21.870   521138.000   
20150807   21.870   20.410   21.850   20.710   582036.000   
20150806   21.560   19.700   20.950   19.950   1646514.000   
20150805   19.550   18.860   19.000   19.100   402207.000   
20150804   19.200   18.530   18.730   18.980   250313.000   
20150803   19.790   18.600   19.020   19.590   291709.000   
20150731   19.833   18.510   19.450   18.530   361388.000   
20150730   18.680   18.050   18.560   18.150   206526.000   
20150729   18.470   18.020   18.200   18.440   151969.000   
20150728   18.460   17.430   18.420   18.410   209842.000   
20150727   18.590   18.000   18.240   18.270   257774.000   
20150724   18.920   18.400   18.550   18.710   198126.000   
20150723   19.000   18.360   18.720   18.360   299136.000   
20150722   18.810   17.950   18.310   18.510   171569.000   
20150721   18.930   18.230   18.670   18.510   176625.000   
20150720   19.590   18.070   18.580   19.250   270724.000   
20150717   19.520   19.060   19.280   19.340   355423.000   
20150716   19.540   18.835   19.280   19.300   498952.000   
20150715   19.850   19.290   19.530   19.700   251921.000   
20150714   20.330   19.335   19.700   19.850   456453.000   
20150713   20.930   18.630   19.960   19.260   1830196.000   
20150710   17.065   16.350   16.910   16.510   235021.000   
20150709   16.560   15.540   16.190   16.280   193850.000   
20150708   17.050   15.800   16.050   17.050   250616.000   
20150707   17.426   15.880   17.190   17.150   314138.000   
20150706   17.590   16.680   17.060   16.930   166068.000   
20150702   17.960   17.020   17.060   17.960   326511.000   
20150701   18.070   17.240   18.070   17.590   296695.000   
20150630   18.025   17.220   17.360   17.500   149025.000   
20150629   18.560   17.180   17.330   18.560   259411.000   
20150626   19.760   18.160   18.710   19.180   557105.000   
20150625   19.620   18.550   19.130   19.110   274828.000   
20150624   19.990   18.290   19.200   18.440   1158544.000   
20150623   18.470   17.930   17.990   18.070   104881.000   
20150622   18.790   17.520   18.010   18.410   251116.000   
20150619   18.890   17.050   18.360   18.740   607572.000   
20150618   19.100   18.590   18.990   18.760   267496.000   
20150617   19.180   18.420   18.660   18.980   150332.000   
20150616   19.250   18.550   18.860   19.030   170468.000   
20150615   19.280   17.930   19.050   18.230   327963.000   
20150612   18.590   18.050   18.430   18.330   119046.000   
20150611   18.630   18.020   18.310   18.250   143985.000   
20150610   18.420   17.520   18.290   17.640   239618.000   
20150609   17.890   17.100   17.540   17.770   166317.000   
20150608   18.439   17.520   17.690   18.120   194063.000   
20150605   18.220   17.220   18.210   17.670   188973.000   
20150604   18.550   17.420   17.670   18.470   331407.000   
20150603   18.730   18.010   18.600   18.320   262356.000   
20150602   18.390   17.630   18.160   17.740   297902.000   
20150601   18.250   17.360   17.850   17.790   294374.000   
20150529   18.680   17.735   17.860   18.050   279386.000   
20150528   18.950   17.330   18.010   18.650   432119.000   
20150527   19.000   18.060   18.770   19.000   577197.000   
20150526   19.350   16.390   19.180   17.310   1412115.000   
20150522   16.960   15.450   16.670   15.680   613237.000   
20150521   15.640   15.110   15.620   15.110   295069.000   
20150520   15.160   14.530   15.160   14.650   220407.000   
20150519   14.890   14.466   14.530   14.670   90331.000   
20150518   14.950   14.460   14.800   14.480   166577.000   
20150515   14.850   14.190   14.520   14.640   124348.000   
20150514   14.920   14.630   14.720   14.850   131858.000   
20150513   15.030   14.420   14.680   14.850   136701.000   
20150512   14.890   14.370   14.810   14.800   141546.000   
20150511   15.246   14.420   14.780   15.060   170612.000   
20150508   15.400   14.000   15.140   14.500   566658.000   
20150507   13.890   13.500   13.850   13.670   170432.000   
20150506   13.690   13.283   13.650   13.520   234831.000   
20150505   14.070   13.210   13.440   13.710   252947.000   
20150504   14.250   13.360   13.670   13.580   166255.000   
20150501   14.430   13.420   13.610   14.090   395414.000   
20150430   14.750   13.753   14.280   14.730   614924.000   
20150429   15.470   14.794   15.010   14.940   194942.000   
20150428   15.150   14.642   15.100   14.810   146989.000   
20150427   15.250   14.776   14.870   14.820   163106.000   
20150424   15.090   14.580   14.850   14.960   122595.000   
20150423   15.030   14.420   15.000   14.580   115399.000   
20150422   14.970   14.260   14.600   14.940   157480.000   
20150421   14.970   14.720   14.970   14.880   197026.000   
20150420   15.040   14.600   14.760   14.800   219142.000   
20150417   15.245   14.410   14.760   14.640   557013.000   
20150416   14.730   13.630   14.530   13.630   299367.000   
20150415   13.850   13.050   13.610   13.050   220610.000   
20150414   13.460   12.750   13.020   13.240   529620.000   
20150413   13.455   13.150   13.190   13.450   104973.000   
20150410   13.750   13.260   13.450   13.750   204200.000   
20150409   13.720   13.300   13.700   13.300   300749.000   
20150408   13.550   13.200   13.280   13.240   118183.000   
20150407   13.870   13.150   13.190   13.700   180620.000   
20150406   13.790   13.000   13.690   13.460   140413.000   
20150402   13.790   13.164   13.460   13.400   178662.000   
20150401   13.890   13.160   13.430   13.830   192794.000   
20150331   13.990   13.670   13.880   13.850   184547.000   
20150330   14.050   13.272   13.890   13.300   183141.000   
20150327   13.380   12.850   13.190   13.270   133521.000   
20150326   13.720   13.120   13.320   13.710   241972.000   
20150325   14.160   13.685   13.710   14.100   146866.000   
20150324   14.219   13.900   14.080   14.000   148956.000   
20150323   14.460   13.770   13.950   13.850   232155.000   
20150320   14.008   13.534   13.800   13.890   244361.000   
20150319   13.930   13.143   13.780   13.250   239796.000   
20150318   13.400   12.670   13.270   12.760   226081.000   
20150317   13.000   12.500   12.850   12.690   140701.000   
20150316   13.090   12.500   12.730   13.010   238943.000   
20150313   13.130   12.560   12.980   12.930   293629.000   
20150312   12.980   12.330   12.950   12.390   238053.000   
20150311   12.430   11.900   12.340   12.080   169712.000   
20150310   12.280   11.900   12.120   11.910   140677.000   
20150309   12.480   11.870   12.000   12.480   198124.000   
20150306   12.970   12.390   12.410   12.720   266717.000   
20150305   13.100   12.670   12.740   12.960   260540.000   
20150304   12.990   12.530   12.880   12.990   303088.000   
20150303   13.460   12.980   13.020   13.180   490413.000   
20150302   13.350   12.455   13.270   12.500   665576.000   
20150227   12.660   11.550   12.480   11.700   457613.000   
20150226   12.300   10.600   11.820   10.650   1558244.000   
20150225   10.811   9.980   10.510   10.400   316599.000   
20150224   10.740   9.830   10.350   10.030   304002.000   
20150223   10.235   9.970   10.060   10.210   216182.000   
20150220   10.300   10.110   10.220   10.220   93711.000   
20150219   10.290   10.050   10.210   10.120   153149.000   
20150218   10.310   10.110   10.170   10.230   107238.000   
20150217   10.375   10.080   10.250   10.150   215888.000   
20150213   10.360   10.020   10.150   10.170   143804.000   
20150212   10.775   10.105   10.200   10.270   310569.000   
20150211   10.360   9.970   10.210   10.150   162936.000   
20150210   10.290   9.640   10.200   9.880   167107.000   
20150209   9.890   9.430   9.850   9.530   90616.000   
20150206   9.710   9.360   9.600   9.420   111781.000   
20150205   9.480   9.099   9.370   9.240   110266.000   
20150204   9.300   8.780   9.150   9.030   161373.000   
20150203   9.160   8.760   9.020   8.760   206694.000   
20150202   8.970   8.630   8.710   8.970   132924.000   
20150130   9.280   8.860   8.940   9.120   138236.000   
20150129   9.300   8.900   9.200   9.160   246246.000   
20150128   9.400   8.940   9.080   9.400   235781.000   
20150127   9.490   9.050   9.410   9.120   194788.000   
20150126   9.520   9.090   9.250   9.210   174170.000   
20150123   9.470   8.960   9.210   9.000   180929.000   
20150122   9.060   8.612   8.980   8.780   172531.000   
20150121   8.890   8.560   8.740   8.620   144523.000   
20150120   8.690   8.380   8.600   8.580   144009.000   
20150116   8.700   8.170   8.590   8.350   210743.000   
20150115   8.860   8.360   8.380   8.860   313727.000   
20150114   9.120   8.510   8.800   9.010   557945.000   
20150113   10.210   9.070   9.250   9.840   484058.000   
20150112   10.060   9.570   9.700   10.060   160012.000   
20150109   10.160   9.870   10.110   10.000   108871.000   
20150108   10.230   9.840   9.960   9.990   214578.000   
20150107   10.390   9.703   9.850   10.350   351825.000   
20150106   10.690   10.150   10.250   10.650   183507.000   
20150105   10.850   10.400   10.650   10.750   204672.000   
20150102   11.280   10.720   10.790   11.280   184597.000   
20141231   11.480   10.843   11.220   11.050   248374.000   
20141230   11.180   10.870   11.010   10.870   156492.000   
20141229   11.100   10.530   10.940   10.710   234274.000   
20141226   10.730   10.340   10.630   10.730   110006.000   
20141224   10.940   10.600   10.750   10.890   67013.000   
20141223   10.840   10.450   10.800   10.560   276639.000   
20141222   10.710   10.310   10.430   10.700   220147.000   
20141219   10.840   10.040   10.640   10.660   246180.000   
20141218   10.810   10.070   10.710   10.270   249737.000   
20141217   10.200   9.670   10.110   9.770   194195.000   
20141216   9.980   9.290   9.780   9.470   282588.000   
20141215   9.890   9.260   9.480   9.690   289193.000   
20141212   9.960   9.480   9.640   9.810   250780.000   
20141211   10.177   9.650   9.940   9.850   306439.000   
20141210   10.190   9.580   9.770   10.190   395704.000   
20141209   10.250   9.380   10.250   9.590   370676.000   
20141208   10.170   9.590   9.780   10.110   430070.000   
20141205   10.330   9.930   10.140   10.050   400970.000   
20141204   10.150   9.930   9.990   10.150   316276.000   
20141203   10.200   9.860   10.150   9.970   316403.000   
20141202   10.300   9.500   10.000   10.250   822485.000   
20141201   11.010   10.170   10.270   10.800   807358.000   
20141128   11.620   10.750   10.850   11.620   394520.000   
20141126   11.990   11.350   11.620   11.860   690156.000   
20141125   12.500   11.900   11.940   12.350   412513.000   
20141124   12.620   12.240   12.340   12.510   400382.000   
20141121   12.840   12.360   12.490   12.840   256254.000   
20141120   12.650   12.030   12.610   12.250   390435.000   
20141119   12.630   12.190   12.330   12.630   317651.000   
20141118   12.700   11.900   12.610   11.900   550744.000   
20141117   12.210   11.800   11.880   12.160   348673.000   
20141114   12.342   12.000   12.170   12.030   276615.000   
20141113   12.580   12.060   12.100   12.400   655839.000   
20141112   12.350   11.700   12.320   11.710   997370.000   
20141111   13.930   11.510   11.740   13.000   3407239.000   
20141110   16.070   15.630   15.680   15.800   489336.000   
20141107   16.280   15.430   15.730   15.930   286567.000   
20141106   16.050   15.570   15.950   15.880   392057.000   
20141105   16.090   15.300   15.850   15.820   169500.000   
20141104   16.300   15.820   15.860   16.140   162850.000   
20141103   16.660   15.955   16.200   16.100   217614.000   
20141031   16.190   15.260   16.140   15.580   243749.000   
20141030   15.490   15.110   15.250   15.400   189614.000   
20141029   15.520   15.146   15.380   15.480   105923.000   
20141028   15.580   15.145   15.340   15.200   231387.000   
20141027   15.550   14.770   15.060   15.200   340400.000   
20141024   15.598   14.820   15.220   14.820   327082.000   
20141023   15.380   14.530   14.810   14.900   280720.000   
20141022   15.310   14.690   14.730   15.000   233614.000   
20141021   15.460   14.720   14.910   15.100   193892.000   
20141020   15.130   14.530   14.890   14.810   218059.000   
20141017   15.600   14.440   14.860   15.360   368706.000   
20141016   15.350   13.030   15.100   13.030   472653.000   
20141015   13.780   12.830   13.410   13.030   314152.000   
20141014   13.460   12.140   13.400   12.370   715086.000   
20141013   13.510   12.120   12.130   13.150   287750.000   
20141010   14.030   13.000   13.070   14.000   415307.000   
20141009   14.910   13.900   14.000   14.650   143289.000   
20141008   14.980   14.070   14.700   14.490   184241.000   
20141007   15.000   14.282   14.520   14.660   194585.000   
20141006   16.000   14.630   14.670   15.860   263514.000   
20141003   16.140   15.120   15.790   15.370   165247.000   
20141002   15.520   14.370   15.190   15.220   531354.000   
20141001   16.100   15.200   15.210   16.010   230730.000   
20140930   16.790   15.610   16.100   16.650   534046.000   
20140929   16.810   16.330   16.630   16.580   162907.000   
20140926   17.100   16.570   16.810   17.050   230281.000   
20140925   17.940   16.910   16.960   17.750   174501.000   
20140924   17.900   17.000   17.770   17.160   167518.000   
20140923   17.350   16.900   17.100   17.020   169200.000   
20140922   17.940   17.030   17.100   17.940   165900.000   
20140919   18.720   17.790   18.080   18.560   172000.000   
20140918   18.560   18.100   18.510   18.180   153400.000   
20140917   18.540   17.755   18.070   17.940   158800.000   
20140916   18.113   17.600   17.870   17.760   231300.000   
20140915   19.180   17.800   17.880   18.930   182700.000   
20140912   19.170   18.250   18.900   18.930   321900.000   
20140911   19.235   18.620   18.990   19.160   223900.000   
20140910   19.550   18.750   19.210   19.120   101100.000   
20140909   20.005   19.000   19.100   19.950   214900.000   
20140908   20.560   19.870   20.020   20.250   133500.000   
20140905   20.470   19.734   20.300   20.400   155300.000   
20140904   20.740   19.530   20.490   19.600   230500.000   
20140903   20.740   19.550   19.670   20.600   308100.000   
20140902   21.200   20.000   20.510   21.200   345100.000   
20140829   21.859   20.790   21.240   21.710   209400.000   
20140828   22.260   21.060   21.670   21.170   374100.000   
20140827   21.490   19.560   21.200   19.580   668900.000   
20140826   19.600   19.340   19.580   19.500   106700.000   
20140825   19.740   19.360   19.420   19.360   114000.000   
20140822   19.590   19.040   19.230   19.420   112100.000   
20140821   19.770   19.430   19.570   19.610   158600.000   
20140820   19.930   19.300   19.560   19.480   169400.000   
20140819   19.750   19.000   19.540   19.000   309600.000   
20140818   19.000   18.290   18.890   18.610   300800.000   
20140815   18.760   18.040   18.420   18.190   283300.000   
20140814   18.406   17.520   18.030   18.100   234900.000   
20140813   19.000   17.620   18.010   18.490   886400.000   
20140812   18.230   16.830   16.980   18.160   311400.000   
20140811   18.608   18.130   18.250   18.380   155700.000   
20140808   19.168   18.140   18.200   19.000   183700.000   
20140807   19.680   19.020   19.050   19.680   53700.000   
20140806   19.700   18.800   19.540   18.990   148000.000   
20140805   19.410   18.850   19.160   19.160   127400.000   
20140804   20.130   18.750   19.230   19.000   363700.000   
20140801   18.250   17.848   18.120   17.980   209000.000   
20140731   18.990   17.990   18.000   18.720   199600.000   
20140730   19.547   18.750   19.000   19.310   251600.000   
20140729   20.300   19.110   19.160   20.300   204400.000   
20140728   20.684   19.822   20.310   20.510   83800.000   
20140725   21.060   19.530   20.420   21.060   409200.000   
20140724   21.950   21.180   21.300   21.520   140700.000   
20140723   23.080   21.010   21.350   22.710   206700.000   
20140722   23.232   22.138   22.730   22.400   204100.000   
20140721   22.670   21.500   22.320   21.500   97800.000   
20140718   22.006   21.390   21.540   21.390   191000.000   
20140717   22.990   21.070   21.460   22.430   258400.000   
20140716   23.300   22.480   22.510   23.300   159300.000   
20140715   23.400   22.696   23.360   23.050   196500.000   
20140714   24.100   22.850   22.970   23.610   332500.000   
20140711   23.640   22.485   23.380   22.760   263200.000   
20140710   23.070   22.330   22.690   22.540   169100.000   
20140709   23.380   22.220   22.970   22.480   213800.000   
20140708   22.500   21.605   22.450   22.250   220300.000   
20140707   23.200   22.120   22.240   23.100   98900.000   
20140703   23.320   22.960   23.250   23.250   37100.000   
20140702   23.510   23.050   23.200   23.350   129700.000   
20140701   23.690   22.670   23.340   23.230   188100.000   
20140630   23.320   22.350   23.200   22.960   163400.000   
20140627   23.215   21.880   22.920   22.750   1636000.000   
20140626   23.430   22.630   22.680   23.270   109700.000   
20140625   23.850   22.930   23.250   23.260   267900.000   
20140624   24.180   23.190   23.460   23.320   426600.000   
20140623   23.570   22.845   23.060   23.570   237700.000   
20140620   23.730   22.970   23.580   23.150   474500.000   
20140619   23.200   22.410   23.150   23.130   238400.000   
20140618   23.100   21.680   23.040   21.860   353000.000   
20140617   22.810   21.660   21.780   22.610   203000.000   
20140616   22.800   21.750   22.710   21.900   172200.000   
20140613   22.010   21.270   21.860   22.010   113500.000   
20140612   22.450   21.870   22.300   22.200   160700.000   
20140611   22.420   21.691   22.330   22.100   194600.000   
20140610   22.320   21.020   22.280   21.230   201200.000   
20140609   21.440   20.730   21.390   21.030   91600.000   
20140606   21.170   20.760   21.120   20.930   115000.000   
20140605   20.970   20.310   20.900   20.420   152000.000   
20140604   20.690   19.700   20.340   20.080   107300.000   
20140603   20.800   19.990   20.130   20.340   147300.000   
20140602   21.500   20.020   20.500   21.360   177800.000   
20140530   21.800   20.800   21.410   21.520   244300.000   
20140529   22.050   20.480   21.630   20.490   346700.000   
20140528   20.580   19.380   20.390   19.380   208600.000   
20140527   19.380   18.562   19.100   18.780   81700.000   
20140523   18.880   18.320   18.760   18.700   60000.000   
20140522   19.040   18.016   18.660   18.350   106600.000   
20140521   19.655   17.810   18.350   18.110   117700.000   
20140520   19.240   18.020   18.150   19.240   141500.000   
20140519   19.600   17.990   19.280   17.990   235700.000   
20140516   18.294   17.670   18.150   18.040   135500.000   
20140515   18.480   17.340   18.150   17.430   303300.000   
20140514   17.500   16.930   17.220   17.170   179800.000   
20140513   17.950   17.210   17.260   17.400   176000.000   
20140512   17.640   17.080   17.440   17.570   276500.000   
20140509   18.880   15.520   17.570   18.030   1153800.000   
20140508   20.010   18.010   19.000   19.500   222000.000   
20140507   21.050   19.510   20.000   21.050   307500.000   
20140506   21.460   20.890   20.900   21.400   133200.000   
20140505   21.770   20.880   21.450   21.700   115700.000   
20140502   22.139   21.354   21.810   21.920   129800.000   
20140501   22.570   21.550   21.970   22.560   234400.000   
20140430   22.760   22.070   22.500   22.760   189400.000   
20140429   23.090   22.130   22.840   22.600   92800.000   
20140428   24.250   22.188   22.680   23.530   192400.000   
20140425   23.800   23.008   23.550   23.340   205000.000   
20140424   23.790   23.090   23.510   23.790   216500.000   
20140423   24.240   23.430   23.630   23.810   227600.000   
20140422   23.950   23.040   23.850   23.340   250600.000   
20140421   24.000   23.160   23.390   23.650   107200.000   
20140417   23.900   22.360   23.610   22.700   216700.000   
20140416   22.970   21.250   22.700   21.500   121200.000   
20140415   21.700   20.840   21.510   21.510   206800.000   
20140414   21.750   20.650   21.530   20.840   158500.000   
20140411   22.100   20.420   20.730   21.570   227600.000   
20140410   23.130   21.260   21.790   23.000   394100.000   
20140409   23.640   21.940   23.300   21.940   352200.000   
20140408   22.138   20.000   21.990   20.070   396900.000   
20140407   22.515   20.744   20.990   22.190   304800.000   
20140404   23.640   22.220   22.380   23.640   329500.000   
20140403   24.569   23.400   23.560   24.290   234100.000   
20140402   24.580   23.600   24.290   24.400   319400.000   
20140401   24.550   23.680   24.360   24.550   405600.000   
20140331   24.840   24.500   24.670   24.700   511700.000   
20140328   25.346   24.060   24.960   25.000   274700.000   
20140327   25.230   23.610   24.950   24.290   367500.000   
20140326   25.740   23.980   24.270   25.500   468900.000   
20140325   26.750   24.920   25.430   26.000   209600.000   
20140324   26.150   24.840   25.810   26.010   213300.000   
20140321   26.030   25.050   25.470   25.680   234500.000   
20140320   27.000   25.000   25.700   25.080   1383700.000   
20140319   26.450   24.620   26.340   25.480   160800.000   
20140318   25.920   24.800   25.510   25.680   174800.000   
20140317   26.500   25.120   25.750   25.550   119500.000   
20140314   26.300   25.050   25.400   26.070   88100.000   
20140313   27.220   26.000   26.200   26.953   174100.000   
20140312   26.960   26.150   26.460   26.260   124900.000   
20140311   28.014   26.180   26.320   27.670   83500.000   
20140310   27.520   25.050   27.420   25.310   108800.000   
20140307   25.850   24.400   25.290   25.850   165800.000   
20140306   26.450   24.930   26.360   25.000   223800.000   
20140305   25.370   24.270   25.150   24.740   163300.000   
20140304   25.390   24.050   24.640   25.020   217000.000   
20140303   25.490   22.010   25.110   22.880   270100.000   
20140228   24.960   21.660   23.660   23.550   488100.000   
20140227   20.000   18.940   19.200   19.700   196200.000   
20140226   20.570   19.610   19.790   20.350   95600.000   
20140225   20.990   19.475   20.000   20.200   126500.000   
20140224   21.120   19.100   20.100   20.500   297900.000   
20140221   20.750   17.640   20.670   17.640   358800.000   
20140220   18.750   15.500   17.980   15.500   469000.000   
20140219   15.160   13.500   15.020   13.518   101300.000   
20140218   14.110   13.610   13.660   14.100   109100.000   
20140214   14.194   12.500   14.000   12.500   78500.000   
20140213   12.620   11.190   12.540   12.000   64100.000   
20140212   12.990   12.490   12.520   12.870   39100.000   
20140211   13.350   12.780   12.790   13.190   22400.000   
20140210   13.250   12.750   13.120   13.120   31300.000   
20140207   13.070   12.380   13.070   12.900   49000.000   
20140206   13.330   13.110   13.160   13.230   30500.000   
20140205   13.640   13.120   13.140   13.560   39700.000   
20140204   13.860   13.600   13.680   13.690   26800.000   
20140203   14.360   13.450   13.610   13.700   116600.000   
20140131   13.960   13.400   13.630   13.880   37600.000   
20140130   14.405   13.670   14.000   13.670   72700.000   
20140129   13.820   13.570   13.610   13.630   26100.000   
20140128   14.190   13.760   13.840   13.850   44000.000   
20140127   13.810   13.400   13.720   13.500   33900.000   
20140124   13.590   13.000   13.390   13.460   117200.000   
20140123   14.360   13.600   13.730   13.840   38100.000   
20140122   14.330   13.920   14.150   14.110   41600.000   
20140121   14.477   14.100   14.150   14.350   14900.000   
20140117   14.500   14.150   14.420   14.150   45000.000   
20140116   14.560   13.850   14.290   13.900   71400.000   
20140115   14.105   13.585   13.970   14.000   63600.000   
20140114   14.130   13.585   13.880   13.720   116600.000   
20140113   14.060   13.690   13.700   13.830   43300.000   
20140110   14.320   13.580   14.000   14.160   48200.000   
20140109   14.650   14.010   14.160   14.650   42600.000   
20140108   14.815   14.500   14.660   14.750   37600.000   
20140107   14.890   14.350   14.740   14.890   49300.000   
20140106   14.490   14.100   14.330   14.350   64100.000   
20140103   14.750   14.260   14.350   14.630   47300.000   
20140102   14.920   14.610   14.630   14.880   22500.000   
20131231   15.100   14.713   15.010   15.000   83900.000   
20131230   15.000   14.670   14.980   14.850   37200.000   
20131227   15.080   14.850   14.890   15.000   66800.000   
20131226   15.050   14.880   14.970   15.020   22700.000   
20131224   15.190   14.850   15.020   14.899   51900.000   
20131223   15.030   14.720   14.930   14.720   32400.000   
20131220   15.320   14.500   14.800   15.060   693700.000   
20131219   15.650   14.750   15.390   15.200   80800.000   
20131218   15.430   14.852   15.200   15.150   77200.000   
20131217   15.830   14.890   15.140   15.510   77500.000   
20131216   15.870   14.710   15.480   14.930   92400.000   
20131213   15.960   14.290   14.780   15.260   68800.000   
20131212   16.099   14.690   15.140   16.000   97400.000   
20131211   16.610   15.510   15.810   15.600   127900.000   
20131210   15.750   14.730   15.590   14.730   100600.000   
20131209   15.840   14.500   14.880   14.710   195100.000   
20131206   14.740   13.160   14.370   13.160   192100.000   
20131205   13.200   12.750   13.120   12.750   126000.000   
20131204   12.910   12.300   12.890   12.380   75000.000   
20131203   13.000   12.200   12.310   12.610   47300.000   
20131202   13.266   12.580   12.580   13.070   18600.000   
20131129   13.240   12.250   13.190   12.960   54600.000   
20131127   12.990   12.240   12.960   12.500   36200.000   
20131126   12.640   12.230   12.630   12.640   46600.000   
20131125   12.800   12.570   12.570   12.570   59600.000   
20131122   12.580   12.310   12.570   12.580   39300.000   
20131121   12.560   12.380   12.560   12.500   27200.000   
20131120   12.570   12.310   12.500   12.488   22000.000   
20131119   12.490   12.241   12.430   12.340   10400.000   
20131118   12.780   12.200   12.214   12.520   79900.000   
20131115   12.690   12.250   12.660   12.390   16500.000   
20131114   12.580   12.210   12.390   12.510   20900.000   
20131113   12.990   12.524   12.620   12.880   13500.000   
20131112   13.100   12.860   13.000   12.920   12200.000   
20131111   13.060   12.690   12.900   12.800   17200.000   
20131108   12.990   12.420   12.800   12.900   88200.000   
20131107   13.480   12.750   13.000   13.000   75100.000   
20131106   13.310   12.500   13.120   12.500   99900.000   
20131105   13.000   12.750   13.000   12.848   29200.000   
20131104   13.000   12.850   13.000   12.850   67700.000   
20131101   12.950   12.290   12.760   12.870   46400.000   
20131031   13.020   12.551   12.680   12.650   89300.000   
20131030   13.180   11.600   12.550   13.050   133500.000   
20131029   13.180   11.910   13.060   11.910   180100.000   
20131028   12.380   11.530   11.870   12.250   67800.000   
20131025   12.800   12.260   12.360   12.450   130200.000   
20131024   13.490   12.450   12.610   13.100   74700.000   
20131023   13.410   12.900   13.110   12.990   65000.000   
20131022   13.500   12.670   13.130   13.000   321200.000   
20131021   13.000   11.550   12.900   12.980   252600.000   
20131018   12.000   10.480   11.010   10.488   154200.000   
20131017   10.550   10.000   10.440   10.090   63100.000   
20131016   10.282   10.010   10.250   10.282   7100.000   
20131015   10.290   9.770   10.180   9.780   10200.000   
20131014   10.049   9.070   10.000   9.510   64400.000   
20131011   10.413   10.150   10.180   10.310   23700.000   
20131010   10.550   10.010   10.200   10.500   80300.000   
20131009   10.210   10.140   10.150   10.140   14800.000   
20131008   10.200   10.100   10.120   10.200   13900.000   
20131007   10.400   10.060   10.180   10.400   52700.000   
20131004   10.200   9.820   10.200   10.100   109800.000   
20131003   10.010   9.800   10.000   10.000   72400.000   
20131002   10.000   9.890   9.970   9.990   94000.000   
20131001   10.024   9.920   10.000   9.950   74500.000   
20130930   10.180   9.710   10.000   10.000   84900.000   
20130927   10.440   10.000   10.100   10.440   253300.000   
20130926   10.090   9.370   9.960   10.000   946000.000   
